1 -1 -2
2 -1 -2
3 -1 -2
4 -1 -2
5 -1 -2
6 -1 -2
7 -1 -2
8 -1 -2
9 -1 -2
10 -1 -2
11 -1 -2
12 -1 -2
13 14 15 16 17 18 19 20 -1 -2
21 -1 -2
22 -1 -2
23 -1 -2
24 25 -1 -2
26 -1 -2
27 -1 -2
28 -1 -2
29 -1 -2
30 -1 -2
31 -1 -2
32 -1 -2
33 -1 -2
34 -1 -2
35 -1 -2
36 -1 -2
37 -1 -2
38 -1 -2
39 -1 -2
40 -1 -2
41 -1 -2
42 -1 -2
43 -1 -2
44 -1 -2
45 -1 -2
46 -1 -2
47 -1 -2
48 -1 -2
49 50 51 52 -1 -2
53 -1 -2
54 -1 -2
55 56 -1 -2
57 -1 -2
58 -1 -2
59 -1 -2
60 61 62 -1 -2
63 -1 -2
64 60 65 66 -1 -2
67 -1 -2
68 -1 -2
69 -1 -2
70 -1 -2
71 -1 -2
72 -1 -2
73 74 -1 -2
75 -1 -2
76 -1 -2
77 -1 -2
78 -1 -2
79 -1 -2
80 -1 -2
81 -1 -2
82 -1 -2
83 -1 -2
81 -1 -2
84 85 86 87 88 89 90 91 92 93 94 95 96 97 98 99 100 101 102 -1 -2
103 -1 -2
104 -1 -2
105 -1 -2
106 107 -1 -2
108 -1 -2
109 110 -1 -2
111 112 113 114 115 116 117 118 -1 -2
119 -1 -2
108 -1 -2
108 -1 -2
108 -1 -2
120 -1 -2
121 -1 -2
122 -1 -2
123 -1 -2
124 125 -1 -2
126 -1 -2
127 128 -1 -2
129 -1 -2
130 131 -1 -2
132 133 -1 -2
134 135 136 137 138 139 140 141 142 143 144 145 146 147 148 149 150 151 152 153 154 -1 -2
155 -1 -2
156 157 158 -1 -2
159 -1 -2
160 -1 -2
161 -1 -2
162 163 164 165 -1 -2
164 -1 -2
166 -1 -2
167 -1 -2
168 -1 -2
169 -1 -2
170 171 172 173 174 -1 -2
171 -1 -2
172 173 -1 -2
175 -1 -2
176 177 -1 -2
178 -1 -2
179 -1 -2
180 -1 -2
181 -1 -2
182 -1 -2
183 -1 -2
184 -1 -2
185 186 187 188 189 -1 -2
190 -1 -2
191 -1 -2
192 -1 -2
193 194 -1 -2
195 -1 -2
196 -1 -2
197 -1 -2
198 199 -1 -2
200 -1 -2
201 -1 -2
202 -1 -2
203 204 -1 -2
205 206 -1 -2
207 208 209 210 211 212 213 214 215 216 217 -1 -2
218 219 211 212 220 216 221 222 223 224 225 226 227 228 -1 -2
229 -1 -2
230 -1 -2
231 -1 -2
226 -1 -2
232 -1 -2
233 -1 -2
234 235 236 237 238 239 -1 -2
240 -1 -2
240 -1 -2
241 -1 -2
242 -1 -2
243 -1 -2
193 196 244 245 246 247 -1 -2
248 -1 -2
249 -1 -2
250 -1 -2
251 -1 -2
252 -1 -2
253 -1 -2
254 255 256 257 258 259 260 261 262 -1 -2
263 -1 -2
264 -1 -2
265 -1 -2
266 -1 -2
266 -1 -2
267 268 269 270 271 -1 -2
272 273 274 275 276 277 278 279 -1 -2
280 281 -1 -2
266 -1 -2
282 283 284 285 -1 -2
286 287 288 289 -1 -2
290 291 -1 -2
289 -1 -2
279 -1 -2
292 293 294 -1 -2
295 296 -1 -2
297 -1 -2
298 -1 -2
104 -1 -2
299 -1 -2
300 301 103 -1 -2
302 -1 -2
27 303 304 305 306 -1 -2
307 -1 -2
308 -1 -2
309 -1 -2
310 311 -1 -2
311 -1 -2
312 -1 -2
313 314 315 316 -1 -2
317 -1 -2
318 -1 -2
319 -1 -2
320 -1 -2
321 -1 -2
322 -1 -2
323 -1 -2
324 -1 -2
325 -1 -2
302 -1 -2
326 -1 -2
327 328 -1 -2
329 330 -1 -2
331 332 333 334 335 336 -1 -2
332 337 331 -1 -2
338 -1 -2
339 340 -1 -2
341 -1 -2
342 -1 -2
269 -1 -2
343 344 -1 -2
345 -1 -2
340 -1 -2
261 -1 -2
346 -1 -2
107 -1 -2
68 347 -1 -2
266 -1 -2
348 349 350 351 -1 -2
352 -1 -2
353 352 -1 -2
354 355 -1 -2
56 -1 -2
356 -1 -2
357 -1 -2
358 359 -1 -2
360 -1 -2
361 362 -1 -2
363 -1 -2
364 -1 -2
365 -1 -2
356 -1 -2
352 -1 -2
366 367 368 369 370 371 372 373 374 -1 -2
375 -1 -2
376 -1 -2
184 -1 -2
21 -1 -2
377 378 -1 -2
379 -1 -2
380 -1 -2
381 -1 -2
382 -1 -2
383 -1 -2
384 -1 -2
385 -1 -2
386 -1 -2
66 387 388 59 364 -1 -2
389 -1 -2
390 -1 -2
391 392 271 393 394 120 395 396 397 123 398 399 400 401 402 403 404 268 405 217 406 407 408 409 -1 -2
410 411 -1 -2
412 -1 -2
413 -1 -2
414 -1 -2
415 416 417 -1 -2
418 419 420 421 422 423 -1 -2
418 419 421 424 417 416 415 423 425 426 -1 -2
422 426 -1 -2
427 -1 -2
428 -1 -2
429 -1 -2
430 -1 -2
431 -1 -2
432 -1 -2
433 -1 -2
434 -1 -2
435 -1 -2
265 251 -1 -2
436 437 438 439 440 441 442 443 444 445 446 447 448 449 450 -1 -2
451 452 453 454 455 456 457 458 459 460 461 462 463 464 465 466 467 468 469 470 471 472 473 474 475 476 477 264 478 479 480 481 482 483 484 485 486 487 488 489 490 491 492 493 494 495 -1 -2
496 497 498 499 500 501 502 503 504 505 506 507 508 509 510 511 512 513 514 515 516 517 518 519 -1 -2
520 521 522 523 524 525 526 -1 -2
527 528 -1 -2
529 -1 -2
530 -1 -2
530 -1 -2
531 -1 -2
532 -1 -2
533 -1 -2
534 535 -1 -2
536 537 -1 -2
538 -1 -2
539 540 541 542 543 544 545 546 547 548 -1 -2
549 -1 -2
550 -1 -2
551 -1 -2
552 553 554 555 556 557 558 559 560 561 562 563 564 565 -1 -2
566 -1 -2
567 -1 -2
568 569 -1 -2
570 571 -1 -2
572 -1 -2
573 -1 -2
574 -1 -2
575 -1 -2
59 576 -1 -2
577 -1 -2
578 -1 -2
578 -1 -2
579 -1 -2
580 -1 -2
581 582 -1 -2
583 -1 -2
583 584 585 -1 -2
586 -1 -2
587 -1 -2
588 -1 -2
589 -1 -2
590 591 592 593 594 -1 -2
595 -1 -2
596 -1 -2
597 -1 -2
598 -1 -2
599 -1 -2
137 -1 -2
600 -1 -2
601 -1 -2
602 603 604 540 605 606 607 608 -1 -2
609 -1 -2
610 -1 -2
611 -1 -2
610 -1 -2
612 613 -1 -2
122 -1 -2
614 -1 -2
615 616 617 618 619 620 621 622 623 624 427 625 -1 -2
626 -1 -2
627 -1 -2
229 -1 -2
357 -1 -2
628 -1 -2
629 -1 -2
630 631 318 632 633 634 -1 -2
635 -1 -2
636 -1 -2
637 -1 -2
580 -1 -2
638 639 640 641 642 643 -1 -2
644 -1 -2
645 646 -1 -2
647 -1 -2
219 -1 -2
648 -1 -2
649 -1 -2
650 -1 -2
651 -1 -2
652 -1 -2
653 -1 -2
654 -1 -2
655 -1 656 657 658 659 660 -1 -2
661 -1 662 -1 -2
663 -1 664 -1 -2
665 392 -1 666 -1 -2
667 668 669 670 671 672 673 674 675 676 677 678 -1 670 -1 -2
612 -1 106 -1 -2
679 -1 680 -1 -2
108 -1 108 679 -1 -2
681 -1 76 682 683 -1 -2
684 685 686 -1 687 688 689 690 691 692 693 694 695 696 697 698 321 699 577 700 701 702 703 704 705 706 707 708 709 710 711 712 713 714 715 716 717 718 719 720 721 722 723 724 725 726 727 728 -1 -2
729 -1 730 731 732 733 734 735 736 737 738 739 740 741 742 743 744 745 746 747 321 748 749 699 750 751 577 752 753 754 755 756 757 758 759 760 761 762 763 764 765 766 767 768 769 770 771 772 773 774 775 776 -1 -2
777 -1 778 -1 -2
779 780 -1 781 -1 -2
177 -1 782 -1 -2
783 784 785 786 -1 787 788 789 790 791 792 793 794 795 796 797 798 799 800 801 802 -1 -2
803 -1 804 -1 -2
805 -1 246 -1 -2
806 -1 807 657 808 809 810 811 -1 -2
812 813 814 815 816 817 818 819 820 285 821 822 823 824 804 825 826 -1 827 816 -1 -2
827 287 828 829 830 -1 828 829 816 -1 -2
201 -1 202 -1 -2
831 832 833 834 835 836 837 838 -1 831 836 837 839 -1 -2
840 -1 226 227 228 -1 -2
841 842 843 844 845 846 -1 847 -1 -2
848 849 230 850 166 -1 851 -1 -2
241 240 -1 852 -1 -2
853 854 855 -1 856 -1 -2
857 -1 858 -1 -2
859 -1 860 861 862 863 289 288 -1 -2
864 -1 865 866 867 868 869 870 871 129 872 128 873 874 875 876 -1 -2
877 -1 866 -1 -2
343 878 879 880 -1 878 879 -1 -2
881 882 104 883 -1 884 -1 -2
885 886 887 888 889 890 891 892 893 894 895 896 897 -1 898 899 900 901 902 903 904 905 906 318 907 908 909 910 911 912 913 -1 -2
914 -1 915 -1 -2
916 917 918 919 920 921 922 -1 923 -1 -2
924 925 926 927 -1 924 925 928 929 926 927 -1 -2
366 -1 370 -1 -2
930 -1 931 932 -1 -2
933 -1 934 -1 -2
935 936 -1 937 -1 -2
938 -1 939 -1 -2
940 941 942 520 521 943 944 945 946 648 947 948 949 950 -1 951 -1 -2
952 -1 664 -1 -2
953 954 955 956 957 958 959 960 961 962 963 964 965 966 967 -1 898 899 900 901 903 968 969 905 648 970 -1 -2
364 971 972 576 -1 971 973 -1 -2
974 -1 975 -1 -2
976 977 -1 976 978 979 352 -1 -2
980 -1 981 982 -1 -2
983 -1 984 -1 -2
985 986 987 988 989 990 991 992 993 994 995 -1 996 376 997 -1 -2
998 -1 999 -1 -2
1000 1001 1002 1003 1004 1005 1006 1007 -1 1008 -1 -2
1009 1010 1011 -1 1012 1013 -1 -2
1014 78 -1 1015 -1 -2
43 -1 167 1016 1017 -1 -2
1018 1019 1020 1021 1022 -1 1023 -1 -2
1024 -1 1025 1026 1027 433 1028 1029 1030 313 314 315 316 1031 1032 1033 1034 1035 205 203 204 -1 -2
1036 -1 1037 -1 -2
1038 -1 1039 1040 1041 1042 1043 1044 1045 1046 1047 1048 1049 1050 1051 1052 1053 1054 1055 1056 1057 1058 1059 1060 1061 1062 1063 1064 1065 1066 1067 967 1068 -1 -2
1069 1070 1071 1072 -1 1073 -1 -2
1074 -1 1075 -1 -2
1076 1077 1078 1079 -1 1077 -1 -2
1080 1081 1082 1083 1084 1085 1086 1087 1088 1089 1090 1091 1092 1093 1094 1095 1096 1097 1098 1099 -1 1084 1085 1090 1092 1093 1094 1100 1095 1097 1101 1102 1103 -1 -2
1104 -1 317 -1 -2
540 543 -1 1105 -1 -2
1106 1107 1108 1109 250 1110 1111 1112 1113 1114 1115 1116 1117 1118 1119 1120 1121 1122 1123 1124 383 -1 1125 -1 -2
1126 1127 1128 1129 1130 1131 1132 1133 1134 1135 1136 -1 1137 1138 -1 -2
1139 -1 1140 -1 -2
551 -1 1141 -1 -2
1142 -1 1143 -1 -2
1144 1145 -1 1146 1145 1147 -1 -2
1148 1149 1150 1151 1152 1153 1154 1155 1156 1157 1158 1159 1160 1161 1162 1163 1164 1165 -1 1166 -1 -2
583 585 -1 1167 1168 868 1169 1170 1171 1172 41 1173 1174 1175 1176 1177 1178 1179 1180 1181 1182 1183 1184 1185 1186 -1 -2
1187 1168 1188 1182 1185 1186 -1 1175 1176 41 -1 -2
1189 -1 1190 -1 -2
579 -1 1191 -1 -2
1192 -1 1193 -1 -2
1194 -1 1195 1196 1197 1198 -1 -2
23 1199 1200 1201 1202 1203 1204 742 743 744 745 746 747 748 749 1205 1206 930 1207 1208 992 1209 1210 1211 1212 1213 1214 1215 1216 1217 1218 1219 1220 1221 1222 1223 1224 1225 1226 1227 1228 1229 1230 1231 1232 1233 1234 1235 1236 436 437 438 440 1237 -1 1238 -1 -2
575 -1 1239 1240 1241 1242 1243 1244 -1 -2
1171 1172 -1 1169 -1 -2
1105 -1 1245 -1 -2
621 1246 618 -1 620 624 623 625 -1 -2
293 -1 1247 -1 -2
1248 1249 -1 1250 1251 1252 1253 1254 1170 1255 656 868 1256 658 659 1257 1181 1258 660 1184 1259 -1 -2
1260 -1 1261 -1 -2
1262 782 1263 1264 170 173 1265 1266 1267 1268 1269 1270 1271 174 1272 -1 1268 1264 1270 1266 -1 -2
1273 -1 1274 1275 1276 1277 1278 1279 1191 1280 1281 918 1282 591 1283 1284 1285 920 921 1286 1287 1288 627 1289 590 1290 1291 1292 1293 1294 1295 1296 1297 1298 1299 1300 1301 1302 593 1303 1304 1305 1306 1307 579 594 1308 1309 -1 -2
1310 -1 1311 -1 921 1312 1288 -1 -2
112 1313 -1 815 1314 183 -1 1315 -1 -2
1316 -1 131 -1 1317 -1 -2
1318 1197 1319 359 1320 1321 1322 358 1323 1324 1325 1326 1327 1328 1329 1330 1331 1332 1333 1334 -1 1335 -1 1320 1321 1322 1323 1324 1325 1336 1326 1331 -1 -2
1337 1338 153 -1 139 151 135 136 137 -1 140 143 150 146 -1 -2
1339 -1 1340 1341 1342 1343 -1 1344 1345 1346 1347 1348 -1 -2
1349 1350 1351 -1 1342 1352 1350 -1 1353 1345 1354 1355 -1 -2
1356 1357 1358 1359 1360 1361 1362 1363 1364 1365 -1 1366 -1 1367 1368 1369 1370 1371 1372 1373 1374 796 797 798 799 800 801 1375 1376 1377 1378 1379 787 788 789 791 -1 -2
1380 -1 1031 1381 1025 -1 433 -1 -2
1382 1383 1384 1385 1386 246 1387 -1 1388 1389 1390 1391 246 1392 1393 249 -1 247 1387 1388 -1 -2
417 -1 272 273 1394 1395 1396 404 79 1397 270 80 1398 1399 124 125 1400 1401 1402 1403 -1 1402 -1 -2
1404 1405 1406 928 -1 1407 1408 -1 1409 -1 -2
942 520 1410 1411 1412 1413 1414 1415 1416 1417 1418 1419 1420 1421 1422 1423 1424 1425 1426 1427 1428 -1 730 731 732 733 734 735 736 904 906 1429 1430 742 743 744 745 746 748 749 757 758 759 760 761 762 763 764 1431 776 -1 1432 1433 -1 -2
1434 1435 1436 1432 1433 -1 1437 1438 1439 1430 1440 -1 1435 1436 1433 1438 1439 -1 -2
1441 -1 1442 943 944 945 946 1443 1444 1445 1446 648 1419 955 956 957 958 959 960 965 898 899 900 901 903 968 969 905 -1 1447 -1 -2
1448 1449 1450 1451 1452 1453 1454 1455 -1 1456 1457 1458 1459 1460 1461 1462 1463 -1 1464 1465 -1 -2
1466 -1 1467 1468 -1 1469 -1 -2
350 1020 296 1470 1471 -1 352 -1 1472 -1 -2
1473 -1 371 -1 373 -1 -2
812 813 1474 1475 1476 1477 1478 1479 1480 819 1481 1482 1483 1484 1485 1486 1487 -1 1488 818 1489 1490 -1 1486 -1 -2
1491 -1 1492 1493 1494 -1 360 -1 -2
1495 -1 1496 -1 1497 -1 -2
1498 940 1499 1500 1501 1502 1503 1504 1505 524 525 948 949 950 1506 -1 1507 -1 1508 1509 1510 1511 1512 1513 1514 954 1515 1516 961 962 963 890 891 -1 -2
1517 -1 1518 -1 1519 1520 1521 1522 -1 -2
1523 1524 1525 1526 1527 1528 1529 1530 1531 1532 1403 1533 1534 1535 1536 1537 840 1538 550 1539 1540 1541 1542 1543 1544 -1 1545 1546 1547 1548 1549 1550 1551 1552 1553 1554 1555 1556 1557 -1 1543 1555 1530 217 -1 -2
32 552 566 1558 1559 1560 1561 1562 -1 1563 -1 1564 -1 -2
1565 1566 -1 1567 1568 -1 1147 -1 -2
1569 1570 1571 1572 387 60 388 65 576 59 1573 1574 1575 1576 1577 1578 1579 1580 1581 1582 1583 1584 1585 61 -1 1586 -1 1575 1576 1578 1583 1584 -1 -2
540 -1 579 -1 1587 1588 -1 -2
42 -1 1589 -1 179 -1 -2
1590 1591 -1 1123 -1 1592 1593 1123 1594 1595 1596 1597 1598 1599 1600 1601 1602 1603 1604 1605 1606 1119 1607 -1 -2
605 602 -1 606 607 608 1608 -1 603 -1 -2
357 -1 671 1609 -1 229 -1 -2
1610 -1 1611 -1 1248 1612 1613 1614 -1 -2
1615 -1 1616 -1 1617 271 1618 1619 1620 1621 1622 1623 850 1624 1625 1626 1627 1628 1629 414 1630 1631 1632 1633 1634 1635 1636 1637 279 1638 1639 1640 1641 1642 1643 1644 1645 1646 1553 1647 270 -1 -2
1648 -1 1649 -1 1650 -1 1651 -1 -2
342 1652 -1 1653 132 778 -1 1654 1655 778 1656 1657 1658 1653 -1 1659 1660 1653 1661 -1 -2
1662 -1 1663 1664 129 127 875 -1 870 -1 866 -1 -2
933 -1 1665 -1 1666 1667 1665 1668 -1 273 1669 1395 1670 1397 1400 1401 -1 -2
1671 319 1672 -1 1281 1075 1311 1673 1674 1675 1676 1677 1310 916 1678 917 923 1679 919 1680 1681 1312 1682 1683 1684 1589 1685 1686 -1 1687 -1 1688 1689 -1 -2
372 -1 367 1473 368 -1 1690 -1 1691 -1 -2
1692 -1 1693 -1 1694 1695 -1 1696 1697 1698 -1 -2
317 -1 1699 1700 1701 1702 1703 1704 1705 1706 1707 1708 1709 1710 1711 1712 1713 1714 1715 1716 1717 1718 1719 1720 1721 1722 1723 663 1724 535 1725 1726 1727 1728 1729 1730 1731 -1 240 -1 1725 1700 1726 1727 1730 1732 1733 854 -1 -2
1105 -1 861 1078 1734 1735 1736 1737 1738 1739 1740 1741 1742 1743 1744 -1 1736 -1 1743 1745 1742 -1 -2
539 541 546 544 547 545 -1 542 540 -1 1746 1747 1748 451 496 497 1749 498 499 459 1750 494 1751 1752 1753 1754 1755 1756 1757 491 492 1758 1759 1760 1761 1762 1763 36 1764 1765 1766 1767 1768 1769 1770 1771 1772 1773 1774 1775 495 510 511 512 486 493 488 1776 490 1777 1778 1779 1780 1781 -1 1750 1751 1782 1783 1784 1785 1786 1787 1788 1789 1790 -1 -2
32 1562 566 51 -1 1791 51 1792 -1 49 1791 1793 1794 1795 1792 1796 1797 1558 558 1560 1561 1798 1799 1800 51 -1 1801 1800 1802 -1 -2
1803 -1 1804 -1 1805 -1 579 -1 -2
1806 1807 1808 1809 1810 1811 1477 1812 1813 1478 1479 1814 1815 1816 1817 1818 117 1819 -1 1820 1821 1822 1823 1824 1825 1826 1827 881 1828 1829 1830 1831 883 1832 1833 -1 1812 1834 1814 1835 1836 1837 1818 -1 823 1816 -1 -2
1838 1839 1840 1841 1842 1152 1843 1154 1844 37 1845 1846 1847 1848 1849 1850 1851 1852 1853 1854 -1 1855 1156 747 -1 1856 1857 1858 1859 1860 1861 1862 1863 1864 37 1865 1866 1867 1868 1869 1870 1871 1872 1873 1874 1875 1876 1877 1878 684 1505 1879 1880 988 1881 1882 1883 1884 1885 1886 1887 1888 1889 1890 1891 1892 1893 1894 1895 1896 1897 1898 1899 1900 1901 1902 1903 1420 1421 1904 1905 1906 1907 1908 1909 1910 1911 1912 1913 1914 1915 1916 1917 1918 1919 1920 931 1921 1922 1923 1924 1925 1926 1927 1928 1845 -1 1929 1930 -1 -2
1931 -1 1932 1933 1934 1935 1936 1937 1938 1939 1940 1941 1942 1943 -1 1944 1931 -1 1931 -1 -2
1945 1946 1947 1948 1949 1950 1951 1952 1953 1954 1955 1956 1957 -1 1958 1959 1960 1961 1962 1963 1964 1965 1966 1967 1968 1969 -1 1970 1971 1972 1973 1974 1975 1976 1977 1978 1979 1980 1981 -1 1982 1983 1984 1985 1986 1987 1988 -1 1989 1990 1991 1992 1993 1994 -1 -2
1653 -1 1656 -1 1995 1652 1655 -1 1659 -1 1996 -1 -2
1997 1998 1999 2000 -1 2001 -1 2002 180 2003 -1 2004 -1 2005 2004 -1 -2
2006 -1 1724 535 2007 -1 1712 1713 2008 -1 2009 2010 534 -1 317 2011 2012 2013 -1 -2
2014 -1 2015 -1 2016 2017 2018 -1 2014 -1 2019 -1 -2
612 -1 2020 -1 2021 -1 2022 2023 -1 2024 -1 -2
1527 2025 1619 2026 1245 2027 2028 2029 2030 2031 850 2032 2033 1632 2034 2035 2036 1643 2037 2038 2039 2040 -1 2022 2041 2042 2024 2043 1633 -1 2044 2041 -1 1644 -1 2042 2024 -1 -2
2045 -1 803 2046 2047 2048 2049 -1 2050 2051 -1 53 -1 350 -1 -2
840 -1 2052 361 2053 2054 -1 2055 2056 2057 2058 2053 2059 2060 2061 -1 2055 2062 2057 2058 2063 2064 2060 2061 -1 2065 273 1546 1397 392 1617 271 393 665 394 2066 1669 1619 2067 2026 2027 1620 1621 2029 2030 1622 1623 850 1616 301 300 274 268 103 2068 610 277 2028 2031 2069 2070 2071 2072 2073 2074 2075 1625 1626 2076 2077 2078 2079 2080 2081 2082 1627 2083 2084 2085 2086 2087 2088 2089 1629 611 2090 2091 2092 2093 2094 2095 130 1618 414 2032 2033 1630 1631 2096 217 1632 2024 1633 2034 1635 2036 279 1638 1644 1639 1640 1636 1643 2097 1637 1641 2098 2037 1645 1646 1553 2038 1647 270 2039 2040 408 -1 -2
1291 1290 179 -1 627 1292 1295 1297 1298 579 -1 1274 1277 1278 1288 580 1279 1281 1304 1306 921 1287 -1 1274 1279 1191 918 1293 1296 1299 1300 1285 920 921 2099 1308 -1 1276 -1 -2
2100 -1 193 -1 2100 -1 2101 -1 244 -1 805 246 -1 -2
2102 -1 2103 -1 2104 2105 2106 2107 2108 2109 2110 2111 2112 2113 2114 -1 2104 -1 2105 669 2106 2107 2115 2116 2117 2112 2118 303 2119 304 306 2113 -1 2120 2121 2122 2123 -1 -2
2124 2125 2126 2127 2128 2129 2130 -1 2131 2132 2133 2134 -1 451 2132 2133 2134 2131 2135 2136 2137 2138 2139 459 1750 1751 1782 1784 487 1785 1786 2140 2141 1787 1788 1789 538 2142 2143 2144 2145 2146 2147 2148 2149 2150 2151 518 478 479 480 2152 2153 2154 2155 2156 1783 483 2157 484 485 486 488 1776 490 491 492 493 494 495 -1 2142 2158 2143 2159 2124 2160 2161 2162 2163 -1 1746 538 -1 1769 1758 1759 1760 1761 1762 1763 36 1764 1765 1766 1767 1768 1770 1771 1772 -1 -2
168 -1 2164 2165 1523 2166 1549 2167 2168 2169 393 665 394 2066 1669 398 2170 2171 2172 2173 1550 2174 1552 2175 1643 2097 408 1556 1557 -1 840 -1 1399 -1 2164 2165 2065 665 394 2066 1669 2166 2167 2174 2169 2175 -1 414 408 393 -1 -2
2176 2177 2178 -1 976 2179 2180 2181 2182 2183 -1 2184 1019 2185 2186 2187 2188 2051 283 2189 284 2190 2191 2192 341 978 2193 328 2194 2183 2195 976 294 1247 2196 1021 644 2197 951 -1 375 587 68 348 2049 -1 2198 2199 68 350 980 -1 2190 -1 -2
2200 2201 2202 2203 2204 2205 2206 347 2207 2180 2208 2209 2210 2211 2188 2182 1023 2212 53 283 2189 2213 2214 2215 2216 2217 2218 2192 2193 2198 2219 2220 2221 2222 -1 2223 2203 2224 2225 2226 2227 2185 2186 2206 2050 2180 2208 53 2228 2229 2230 2231 2232 2233 327 2194 2183 2195 354 2234 2235 2236 2237 2238 2239 2240 2241 2242 2243 2244 2245 2246 2247 2248 2249 2219 2221 2222 -1 976 2199 2250 2225 2226 1020 296 980 -1 375 2251 587 2250 2252 2253 2051 -1 2200 2205 2228 2213 2214 2215 2216 2229 2254 2230 2217 2218 2231 2191 2232 2194 -1 292 -1 -2
2255 2256 2257 2258 2259 2260 2261 2262 -1 2263 2264 2265 2266 2267 2268 2269 2270 -1 2271 -1 2272 -1 2273 2274 2275 -1 2276 2277 2278 2279 2280 2281 2282 2283 2284 -1 2285 2286 2287 2288 2289 -1 -2
40 -1 2290 -1 2291 -1 2292 653 -1 2291 653 2293 -1 2294 -1 2295 -1 -2
2296 -1 2297 286 1078 -1 2298 2299 -1 729 -1 1831 -1 75 -1 2300 2301 2302 2303 2304 2305 2306 2307 2308 2309 2310 2311 -1 -2
2312 2313 31 2314 2315 2316 2317 2318 2319 2320 2321 2322 2323 2324 2325 2326 2327 2328 2329 2330 2331 2020 2332 519 2333 2334 2335 -1 2336 2337 2338 2339 2340 30 2341 2342 2315 2343 2344 2345 2346 2347 2348 2349 2350 2351 2352 2353 2354 2355 2356 -1 2357 2358 2359 2360 2361 2362 2363 2364 2365 2366 2367 2368 2369 2312 2370 2371 2340 2372 2373 2374 2375 2376 2377 2378 2379 2380 2381 2382 2383 2384 2385 2386 2387 2388 2389 2390 2391 2392 2393 2394 2395 2396 2397 2398 2399 2400 2401 2343 2349 2350 2351 2352 2402 2403 1369 1370 1371 2404 2405 2406 2407 801 2408 519 -1 2409 1920 2410 2411 2412 2413 1895 2414 2415 2416 2417 2418 2419 2420 2421 2422 2423 2424 1929 2425 2426 2427 2428 2429 2430 2431 2432 2433 2434 2435 2436 2437 2438 2439 2440 2441 2442 2443 2444 2445 2446 2447 2448 2449 2450 1854 2451 2452 2453 2454 -1 2452 -1 2409 1839 1840 2455 2456 2457 2458 2459 2460 1897 2461 2462 2463 2464 2465 2466 2467 2468 2469 2470 2471 2472 -1 2473 -1 -2
2474 651 2475 -1 2476 2477 651 2475 2478 2479 2480 2481 2474 2482 2483 2484 2485 2486 -1 2487 1932 1933 257 2488 1935 1936 260 1942 2489 -1 2490 1938 1934 -1 1937 1940 1941 -1 2491 -1 2491 1940 -1 -2
2492 -1 1196 -1 2493 -1 2494 -1 2492 2493 -1 1192 75 -1 431 -1 2492 431 75 -1 -2
2495 -1 2496 -1 1667 1668 934 405 217 -1 2497 2498 2499 307 -1 395 270 397 -1 391 1397 217 392 406 407 -1 2500 -1 2501 -1 -2
2502 2503 1891 1892 1893 1894 1847 2504 1849 1850 1851 1852 2505 2506 2507 2508 2509 2510 2511 1853 1854 2451 2512 2513 448 2409 2514 449 2515 1877 941 450 2516 2454 1505 2517 2518 953 1879 889 1880 988 1882 1881 1883 1884 1885 1886 1887 1888 1889 1890 2519 2520 2521 1071 947 1072 2522 932 1896 1895 994 2523 2524 2525 2526 2527 2528 2529 2530 2531 1425 1442 2410 2411 2532 -1 2533 2534 1499 2535 2536 2537 2538 1150 2539 2540 1847 2504 1849 1850 1851 1852 2505 2506 1434 2541 2542 2543 2544 2545 -1 2541 2542 -1 2535 2536 -1 2409 2546 2547 2548 2549 1920 1442 2410 2411 2550 2551 2552 2553 2554 995 2555 2556 2557 2523 2504 2558 2559 2451 2560 2561 2454 -1 2533 2504 2562 -1 2534 2563 2564 2565 2566 -1 2564 2565 -1 -2
2567 -1 2568 -1 2359 2360 2361 2362 2363 2364 2365 2366 2367 2370 2569 2570 2571 2572 1865 2505 2509 2573 2574 2513 -1 2575 2576 2577 2578 2579 2580 2581 2582 2583 2313 2584 2585 2586 2587 2588 2473 2589 2381 2590 2591 2592 2593 2594 2595 2596 2597 2598 2323 2599 2600 2601 2602 2020 1356 1357 1358 1359 1360 2334 2603 -1 2586 2598 2584 -1 2591 2592 -1 2604 2605 2606 2607 2608 2609 2610 2611 2612 2613 -1 2607 2608 2609 -1 2611 2613 -1 -2
2614 2615 -1 2616 -1 2617 2618 2619 250 1600 1605 1115 1592 1593 1597 2620 1599 2621 1601 1602 2622 2623 2624 2625 1606 1119 2626 2627 1598 2628 1607 383 2629 2630 -1 1115 2631 2632 -1 2630 1122 2618 2633 1594 2619 1595 2634 1596 2629 1603 1604 2625 1119 2628 1120 -1 2635 -1 1591 -1 2636 2637 -1 2638 -1 2638 1591 2635 2637 -1 -2
2639 441 442 443 444 1867 1868 1869 1870 1871 1872 2640 2641 2519 -1 2642 2643 -1 2644 1877 1910 1911 2645 2569 2570 2571 1237 1155 1898 1899 1900 1901 1902 1903 2530 2531 2646 2647 2648 2649 -1 2650 2651 2652 2653 2654 2655 2656 2657 2658 2659 2660 2661 2662 2663 2664 2665 2666 1866 -1 2667 2668 -1 2669 2670 -1 2457 2553 -1 1057 -1 992 -1 2671 2672 2673 2674 -1 -2
2650 2651 2652 2653 2654 2655 1838 2675 2676 2677 2678 2510 2462 2679 2680 2681 2682 2683 2684 2685 2532 2686 953 1879 2463 2687 2688 2511 2689 2690 2521 2512 2691 2692 2693 2694 2461 445 1512 1513 1514 2656 2657 2658 2659 1867 1868 1869 1871 1872 1870 2640 2641 2507 2508 2464 2695 2696 2697 2665 -1 2698 902 2699 2700 2701 741 2702 2703 -1 2704 2705 2551 2552 2550 1504 1424 2553 994 995 2555 2524 -1 521 522 2706 523 2707 2708 2709 2710 2711 2712 2713 2714 2715 2716 2717 2718 2719 2720 2721 2722 2723 2724 2725 886 887 888 2423 2424 2426 2427 526 2439 2440 2646 2647 1422 1423 -1 2726 2727 2728 2729 2730 2731 -1 2726 2728 -1 2732 2733 2734 2735 2714 2736 2737 2738 1856 1857 2739 2740 2741 2742 2743 2744 2745 2746 2747 2569 2570 2571 2572 931 1069 1070 2748 2749 2574 2750 2751 2752 2753 2754 2755 2756 1865 2639 2455 2441 2442 2443 2444 2445 2446 2447 2573 2757 2758 2759 2760 2761 -1 2762 2448 2449 2450 2412 2414 2452 2453 2415 -1 2763 2764 2765 -1 2766 2764 2765 2763 2767 -1 -2
2768 1038 2769 2770 2771 -1 2768 -1 2772 2773 2774 2775 2776 2777 2778 2779 2780 2781 2782 2783 2784 1912 1913 2785 2786 2787 2788 2789 2790 2791 1069 1070 2748 2749 1921 1887 2413 2506 -1 2506 2792 2793 2794 1073 2795 2796 2797 2798 1845 -1 2771 -1 2796 -1 2794 -1 2795 -1 2793 -1 2606 527 528 2799 -1 2799 -1 -2
783 2800 2801 2802 2803 2804 2805 2806 2336 2337 793 2140 2141 -1 451 2357 2358 2336 2337 2575 2807 459 2368 2369 2312 2808 2809 2810 2811 2812 2813 2814 2815 2816 2817 2818 2819 2820 2821 519 2822 2823 2824 2825 2826 2827 2828 2829 488 1776 490 491 492 493 494 495 -1 2830 2831 2832 2833 2834 2835 2836 2837 -1 2838 2839 2840 2841 459 2842 2843 2844 2845 2846 2847 2848 2849 2850 2851 2852 2853 2854 2855 2161 2162 2856 2857 794 2125 2126 2127 2128 2129 2130 462 -1 2844 2845 -1 2856 2853 -1 2814 2850 2858 2859 2860 2861 2862 2863 2864 2865 2866 2867 2868 2869 2870 2871 2872 2873 2331 2824 2825 2826 2827 2828 489 -1 1746 1747 1748 2336 2337 2807 2808 2809 2810 2874 28 36 2597 2832 2833 2834 2835 2836 2837 2830 2831 2875 2317 2876 2877 2878 2879 2338 2344 2345 2346 2347 2348 2880 2881 2882 2883 2884 2885 2886 2887 2888 2889 2157 1777 1778 1779 1780 1781 -1 2838 2839 2840 2841 457 458 784 785 2890 487 2891 2892 2815 2893 2894 2895 2896 2897 2898 2899 2900 2901 2902 2903 2904 2905 2906 2907 2908 2909 2910 2911 2912 2913 2914 2915 2916 2917 2918 2919 800 2920 2921 2331 2020 2151 518 478 2922 2923 2924 479 480 2152 2153 2154 2155 2156 1783 483 2925 2926 484 485 -1 1588 2927 2928 2929 2930 2931 2932 2933 2934 2935 2936 2937 2938 2939 299 -1 2928 2922 2931 2934 2925 2926 2896 -1 2937 -1 1746 1747 1748 2940 2941 2942 456 2943 1778 2890 1780 463 1781 2944 2945 2946 2947 1773 1774 1775 2932 2936 2948 2949 2950 2951 2952 2953 2954 2955 2956 2957 2958 2927 2929 2959 2930 2960 2961 2962 1777 2963 1779 2964 2965 -1 2944 2945 2946 2963 2964 2965 -1 2966 2967 2968 500 2969 2970 2971 2972 2943 2973 2974 2832 2833 2834 2835 2836 2837 2830 2831 2975 2914 2915 2917 2976 2977 2978 2873 2979 2980 2981 2982 2983 2984 264 2985 2986 2987 2988 2989 1377 1378 1379 787 2990 2991 2992 2993 2994 2995 2996 2997 2998 2999 3000 3001 3002 3003 3004 3005 489 2829 3006 3007 3008 3009 2962 3010 3011 3012 -1 2940 2942 2968 2973 3013 2890 487 2842 2843 2891 2892 460 461 2895 3014 3015 3016 3017 3018 3019 3020 2142 2158 2143 2159 2124 2160 2161 2162 466 2904 36 2837 2830 2800 3021 3022 3023 3024 2975 3025 2914 2872 2976 2977 2978 2873 2915 2917 3026 3027 2817 2818 264 2819 2820 3028 464 478 479 480 483 2157 484 485 486 -1 2966 460 461 3014 3016 3018 3019 3027 3028 2142 2158 2143 2159 2124 2160 2161 2162 3024 3025 2872 -1 -2
3029 3030 3031 3032 3033 3034 3035 3036 3037 3038 -1 3039 686 2701 1507 1503 1495 1496 2702 3040 -1 2701 1507 1503 1495 3037 3038 2702 -1 3041 3042 572 362 -1 3041 3042 572 -1 2667 2668 2457 2552 2553 2547 2555 2524 2550 2551 2558 2559 2546 2560 2561 2549 -1 2762 3043 3044 3045 3046 2731 3047 3048 448 2514 449 2515 941 2516 -1 3044 2676 3049 3050 3051 3052 3053 3054 3055 1878 3056 3057 3058 3059 3060 3061 3062 3063 -1 3039 2054 3043 2762 -1 1498 940 942 520 521 522 2706 523 1867 1868 1869 2707 2708 3047 3048 526 1506 -1 3064 3065 3066 3067 3068 3069 3070 3071 3072 3073 3074 3075 3076 3077 3078 992 3056 3057 3058 3059 3060 3061 3062 3063 1453 3079 3080 3081 3082 3083 3084 3085 1238 -1 1067 -1 3086 3087 3088 3089 1199 -1 3090 3091 3092 3093 3094 3095 3096 3097 3098 3099 382 3100 3101 -1 3091 3086 -1 1450 1451 2672 2673 2674 3102 3103 2671 3088 -1 3099 -1 -2
2131 2132 2133 2134 -1 496 497 498 1789 1761 1762 509 1764 512 1766 1782 1770 1784 1769 1785 1787 1788 -1 2135 2136 2137 2138 2139 -1 1746 1747 1748 496 497 498 499 1786 2142 2158 2143 2159 2161 2162 1758 1759 1760 1761 1762 1763 36 1764 1765 1766 1767 1768 1769 1770 1771 1772 1773 1774 1775 508 509 510 511 512 2151 2152 2153 2154 2155 2156 1777 1778 1779 1780 1781 -1 1761 1747 -1 1767 -1 497 -1 1747 1778 2124 2160 -1 1777 -1 1748 1777 1781 -1 1777 -1 1746 1778 -1 1747 496 508 509 511 512 1772 1780 -1 1746 1747 1748 3104 508 509 510 1777 1778 1779 1780 -1 1781 -1 3105 -1 3106 -1 3107 -1 3108 -1 -2
3109 -1 3110 3111 -1 3112 -1 589 3113 3114 3115 3116 3117 3118 3119 3120 3121 3122 3123 3124 3125 3126 3127 3128 186 3129 187 3130 3131 188 3132 3133 3134 3135 3136 3137 3138 3139 3140 3141 3142 3143 3144 3145 3146 3147 3148 3149 3150 3151 3152 3153 3154 3155 3156 3157 3158 3159 3160 3161 3162 3163 114 1482 1483 3164 3165 823 117 3166 3167 3168 3169 3170 3171 813 1807 1808 1809 3172 817 3173 1480 3174 3175 1806 3176 3177 3178 3179 3180 3181 3182 822 3183 624 3184 3185 3186 616 3187 3188 620 146 3189 147 3190 148 1834 150 1835 189 3191 3192 3193 3194 574 154 3195 652 3196 -1 3197 349 3198 2227 1703 1704 3199 3200 855 1712 13 14 15 16 17 18 19 20 1714 3201 3202 3203 3204 1715 856 2253 3205 3206 3207 3208 3209 352 2223 3210 351 2224 3211 3212 3213 3214 3215 3216 3217 1020 3218 296 3219 3220 242 980 3221 3222 3223 854 3224 3225 3226 3227 3228 3229 3230 3231 3232 3233 3234 2212 53 3235 3236 3237 3238 3239 3240 3241 3242 3243 3244 3245 3246 3247 3248 3249 3250 2251 2237 2238 951 2239 2240 2241 2242 2243 2244 2245 3251 2246 2247 3252 3253 2248 2249 3254 3255 3256 2047 3257 3258 3259 3260 3261 3262 3263 3264 3265 2180 2188 3266 2182 3267 3268 2189 2191 327 2194 2183 3269 3270 2181 3271 339 2568 2234 1730 1732 -1 273 3272 347 292 2050 1617 271 3266 2051 1023 283 393 1618 2190 2192 300 2193 319 2083 340 354 3273 3274 3275 3276 3277 3278 103 276 3279 3280 280 3281 281 3282 1289 3283 3284 3285 3286 3287 3288 3289 2235 3290 3291 3292 3293 3294 3295 2097 628 2098 408 -1 1997 1318 646 1335 575 434 1322 1325 1336 1326 1327 1328 1329 1331 2487 3296 3297 3298 3299 3300 3301 3302 645 3303 3304 3305 3306 3307 3308 -1 329 435 330 3309 3310 3311 3312 3313 3314 3315 3316 3317 3318 3319 3320 3321 3322 3323 3324 3325 3326 3327 3328 3329 3330 3331 3332 3333 3334 -1 3335 3196 -1 3336 3215 3337 -1 3338 1020 3279 3339 2078 -1 3120 953 1334 3183 3191 154 -1 3171 3340 3156 1834 3164 3165 3175 3341 -1 3298 575 3304 3306 1327 1328 1329 3307 -1 3117 3123 3125 3133 3137 3184 3185 -1 3199 3200 3261 3172 817 3223 855 3225 3226 13 14 15 16 17 18 19 3202 3203 20 1733 854 1715 856 3233 3234 3235 3342 3236 3238 3239 3240 3241 3245 3343 3247 3248 3228 3149 3150 3153 3154 3159 3160 3207 3209 -1 3255 3256 2047 3257 3258 3259 3260 292 3262 3263 3264 3265 2050 2180 980 3266 2182 2051 53 2190 3271 1629 3276 3286 3287 3290 3291 3294 951 3251 3252 3253 3254 -1 3320 3321 3323 3328 3329 3332 -1 964 3344 2679 2680 2681 2682 2683 2684 3056 3057 3058 3059 3060 3061 3062 3063 1453 3079 3080 3081 3082 3083 3084 3085 1450 1451 2672 2673 2674 3102 3103 2671 -1 2056 3345 2052 361 2054 3346 643 3101 3347 2059 -1 219 3348 1403 208 209 210 3349 1547 1533 1534 1548 1535 1537 213 214 1538 215 220 1541 1542 218 3350 1545 3351 1551 -1 -2
